0 0.000119855 0
1 4.32869e-05 0
2 4.81738e-06 6.16174e-17
3 4.81738e-06 1.77368e-13
4 4.32869e-05 1.54265e-10
5 0.000119855 4.10112e-08
6 0.000233785 3.3874e-06
7 0.00038398 8.94931e-05
8 0.000568992 0.000800108
9 0.000787041 0.00271994
10 0.00103603 0.00443941
11 0.00131355 0.00494917
12 0.00161694 0.00499846
13 0.00194327 0.00499999
14 0.0022894 0.005
15 0.00265201 0.005
16 0.00302758 0.005
17 0.00341252 0.005
18 0.00380311 0.005
19 0.00419558 0.005
20 0.00458617 0.005
21 0.00497111 0.005
22 0.00534668 0.005
23 0.00570928 0.005
24 0.00605542 0.005
25 0.00638175 0.005
26 0.00668514 0.005
27 0.00696266 0.005
28 0.00721165 0.005
29 0.0074297 0.005
30 0.00761471 0.005
31 0.0077649 0.005
32 0.00787883 0.005
33 0.0079554 0.005
34 0.00799387 0.005
35 0.00799387 0.005
36 0.0079554 0.005
37 0.00787883 0.005
38 0.0077649 0.005
39 0.00761471 0.005
40 0.0074297 0.005
41 0.00721165 0.005
42 0.00696266 0.005
43 0.00668514 0.005
44 0.00638175 0.005
45 0.00605542 0.005
46 0.00570928 0.005
47 0.00534668 0.005
48 0.00497111 0.005
49 0.00458617 0.005
50 0.00419558 0.005
51 0.00380311 0.005
52 0.00341252 0.005
53 0.00302758 0.005
54 0.00265201 0.005
55 0.0022894 0.005
56 0.00194327 0.00499999
57 0.00161694 0.00499846
58 0.00131355 0.00494917
59 0.00103603 0.00443941
60 0.000787041 0.00271994
61 0.000568992 0.000800108
62 0.00038398 8.94931e-05
63 0.000233785 3.3874e-06
64 0.000119855 4.10112e-08
65 4.32869e-05 1.54265e-10
66 4.81738e-06 1.77368e-13
67 4.81738e-06 1.77368e-13
68 4.32869e-05 1.54265e-10
69 0.000119855 4.10112e-08
70 0.000233785 3.3874e-06
71 0.00038398 8.94931e-05
72 0.000568992 0.000800108
73 0.000787041 0.00271994
74 0.00103603 0.00443941
75 0.00131355 0.00494917
76 0.00161694 0.00499846
77 0.00194327 0.00499999
78 0.0022894 0.005
79 0.00265201 0.005
80 0.00302758 0.005
81 0.00341252 0.005
82 0.00380311 0.005
83 0.00419558 0.005
84 0.00458617 0.005
85 0.00497111 0.005
86 0.00534668 0.005
87 0.00570928 0.005
88 0.00605542 0.005
89 0.00638175 0.005
90 0.00668514 0.005
91 0.00696266 0.005
92 0.00721165 0.005
93 0.0074297 0.005
94 0.00761471 0.005
95 0.0077649 0.005
96 0.00787883 0.005
97 0.0079554 0.005
98 0.00799387 0.005
99 0.00799387 0.005
100 0.0079554 0.005
101 0.00787883 0.005
102 0.0077649 0.005
103 0.00761471 0.005
104 0.0074297 0.005
105 0.00721165 0.005
106 0.00696266 0.005
107 0.00668514 0.005
108 0.00638175 0.005
109 0.00605542 0.005
110 0.00570928 0.005
111 0.00534668 0.005
112 0.00497111 0.005
113 0.00458617 0.005
114 0.00419558 0.005
115 0.00380311 0.005
116 0.00341252 0.005
117 0.00302758 0.005
118 0.00265201 0.005
119 0.0022894 0.005
120 0.00194327 0.00499999
121 0.00161694 0.00499846
122 0.00131355 0.00494917
123 0.00103603 0.00443941
124 0.000787041 0.00271994
125 0.000568992 0.000800108
126 0.00038398 8.94931e-05
127 0.000233785 3.3874e-06
128 0.000119855 4.10112e-08
129 4.32869e-05 1.54265e-10
130 4.81738e-06 1.77368e-13
131 4.81738e-06 1.77368e-13
132 4.32869e-05 1.54265e-10
133 0.000119855 4.10112e-08
134 0.000233785 3.3874e-06
135 0.00038398 8.94931e-05
136 0.000568992 0.000800108
137 0.000787041 0.00271994
138 0.00103603 0.00443941
139 0.00131355 0.00494917
140 0.00161694 0.00499846
141 0.00194327 0.00499999
142 0.0022894 0.005
143 0.00265201 0.005
144 0.00302758 0.005
145 0.00341252 0.005
146 0.00380311 0.005
147 0.00419558 0.005
148 0.00458617 0.005
149 0.00497111 0.005
150 0.00534668 0.005
151 0.00570928 0.005
152 0.00605542 0.005
153 0.00638175 0.005
154 0.00668514 0.005
155 0.00696266 0.005
156 0.00721165 0.005
157 0.0074297 0.005
158 0.00761471 0.005
159 0.0077649 0.005
160 0.00787883 0.005
161 0.0079554 0.005
162 0.00799387 0.005
163 0.00799387 0.005
164 0.0079554 0.005
165 0.00787883 0.005
166 0.0077649 0.005
167 0.00761471 0.005
168 0.0074297 0.005
169 0.00721165 0.005
170 0.00696266 0.005
171 0.00668514 0.005
172 0.00638175 0.005
173 0.00605542 0.005
174 0.00570928 0.005
175 0.00534668 0.005
176 0.00497111 0.005
177 0.00458617 0.005
178 0.00419558 0.005
179 0.00380311 0.005
180 0.00341252 0.005
181 0.00302758 0.005
182 0.00265201 0.005
183 0.0022894 0.005
184 0.00194327 0.00499999
185 0.00161694 0.00499846
186 0.00131355 0.00494917
187 0.00103603 0.00443941
188 0.000787041 0.00271994
189 0.000568992 0.000800108
190 0.00038398 8.94931e-05
191 0.000233785 3.3874e-06
192 0.000119855 4.10112e-08
193 4.32869e-05 1.54265e-10
194 4.81738e-06 1.77368e-13
195 4.81738e-06 1.77368e-13
196 4.32869e-05 1.54265e-10
197 0.000119855 4.10112e-08
198 0.000233785 3.3874e-06
199 0.00038398 8.94931e-05
200 0.000568992 0.000800108
201 0.000787041 0.00271994
202 0.00103603 0.00443941
203 0.00131355 0.00494917
204 0.00161694 0.00499846
205 0.00194327 0.00499999
206 0.0022894 0.005
207 0.00265201 0.005
208 0.00302758 0.005
209 0.00341252 0.005
210 0.00380311 0.005
211 0.00419558 0.005
212 0.00458617 0.005
213 0.00497111 0.005
214 0.00534668 0.005
215 0.00570928 0.005
216 0.00605542 0.005
217 0.00638175 0.005
218 0.00668514 0.005
219 0.00696266 0.005
220 0.00721165 0.005
221 0.0074297 0.005
222 0.00761471 0.005
223 0.0077649 0.005
224 0.00787883 0.005
225 0.0079554 0.005
226 0.00799387 0.005
227 0.00799387 0.005
228 0.0079554 0.005
229 0.00787883 0.005
230 0.0077649 0.005
231 0.00761471 0.005
232 0.0074297 0.005
233 0.00721165 0.005
234 0.00696266 0.005
235 0.00668514 0.005
236 0.00638175 0.005
237 0.00605542 0.005
238 0.00570928 0.005
239 0.00534668 0.005
240 0.00497111 0.005
241 0.00458617 0.005
242 0.00419558 0.005
243 0.00380311 0.005
244 0.00341252 0.005
245 0.00302758 0.005
246 0.00265201 0.005
247 0.0022894 0.005
248 0.00194327 0.00499999
249 0.00161694 0.00499846
250 0.00131355 0.00494917
251 0.00103603 0.00443941
252 0.000787041 0.00271994
253 0.000568992 0.000800108
254 0.00038398 8.94931e-05
255 0.000233785 3.3874e-06
256 0.000119855 4.10112e-08
257 4.32869e-05 1.54265e-10
258 4.81738e-06 1.77368e-13
259 4.81738e-06 1.77368e-13
260 4.32869e-05 1.54265e-10
261 0.000119855 4.10112e-08
262 0.000233785 3.3874e-06
263 0.00038398 8.94931e-05
264 0.000568992 0.000800108
265 0.000787041 0.00271994
266 0.00103603 0.00443941
267 0.00131355 0.00494917
268 0.00161694 0.00499846
269 0.00194327 0.00499999
270 0.0022894 0.005
271 0.00265201 0.005
272 0.00302758 0.005
273 0.00341252 0.005
274 0.00380311 0.005
275 0.00419558 0.005
276 0.00458617 0.005
277 0.00497111 0.005
278 0.00534668 0.005
279 0.00570928 0.005
280 0.00605542 0.005
281 0.00638175 0.005
282 0.00668514 0.005
283 0.00696266 0.005
284 0.00721165 0.005
285 0.0074297 0.005
286 0.00761471 0.005
287 0.0077649 0.005
288 0.00787883 0.005
289 0.0079554 0.005
290 0.00799387 0.005
291 0.00799387 0.005
292 0.0079554 0.005
293 0.00787883 0.005
294 0.0077649 0.005
295 0.00761471 0.005
296 0.0074297 0.005
297 0.00721165 0.005
298 0.00696266 0.005
299 0.00668514 0.005
300 0.00638175 0.005
301 0.00605542 0.005
302 0.00570928 0.005
303 0.00534668 0.005
304 0.00497111 0.005
305 0.00458617 0.005
306 0.00419558 0.005
307 0.00380311 0.005
308 0.00341252 0.005
309 0.00302758 0.005
310 0.00265201 0.005
311 0.0022894 0.005
312 0.00194327 0.00499999
313 0.00161694 0.00499846
314 0.00131355 0.00494917
315 0.00103603 0.00443941
316 0.000787041 0.00271994
317 0.000568992 0.000800108
318 0.00038398 8.94931e-05
319 0.000233785 3.3874e-06
320 0.000119855 4.10112e-08
321 4.32869e-05 1.54265e-10
322 4.81738e-06 1.77368e-13
323 4.81738e-06 1.77368e-13
324 4.32869e-05 1.54265e-10
325 0.000119855 4.10112e-08
326 0.000233785 3.3874e-06
327 0.00038398 8.94931e-05
328 0.000568992 0.000800108
329 0.000787041 0.00271994
330 0.00103603 0.00443941
331 0.00131355 0.00494917
332 0.00161694 0.00499846
333 0.00194327 0.00499999
334 0.0022894 0.005
335 0.00265201 0.005
336 0.00302758 0.005
337 0.00341252 0.005
338 0.00380311 0.005
339 0.00419558 0.005
340 0.00458617 0.005
341 0.00497111 0.005
342 0.00534668 0.005
343 0.00570928 0.005
344 0.00605542 0.005
345 0.00638175 0.005
346 0.00668514 0.005
347 0.00696266 0.005
348 0.00721165 0.005
349 0.0074297 0.005
350 0.00761471 0.005
351 0.0077649 0.005
352 0.00787883 0.005
353 0.0079554 0.005
354 0.00799387 0.005
355 0.00799387 0.005
356 0.0079554 0.005
357 0.00787883 0.005
358 0.0077649 0.005
359 0.00761471 0.005
360 0.0074297 0.005
361 0.00721165 0.005
362 0.00696266 0.005
363 0.00668514 0.005
364 0.00638175 0.005
365 0.00605542 0.005
366 0.00570928 0.005
367 0.00534668 0.005
368 0.00497111 0.005
369 0.00458617 0.005
370 0.00419558 0.005
371 0.00380311 0.005
372 0.00341252 0.005
373 0.00302758 0.005
374 0.00265201 0.005
375 0.0022894 0.005
376 0.00194327 0.00499999
377 0.00161694 0.00499846
378 0.00131355 0.00494917
379 0.00103603 0.00443941
380 0.000787041 0.00271994
381 0.000568992 0.000800108
382 0.00038398 8.94931e-05
383 0.000233785 3.3874e-06
384 0.000119855 4.10112e-08
385 4.32869e-05 1.54265e-10
386 4.81738e-06 1.77368e-13
387 4.81738e-06 1.77368e-13
388 4.32869e-05 1.54265e-10
389 0.000119855 4.10112e-08
390 0.000233785 3.3874e-06
391 0.00038398 8.94931e-05
392 0.000568992 0.000800108
393 0.000787041 0.00271994
394 0.00103603 0.00443941
395 0.00131355 0.00494917
396 0.00161694 0.00499846
397 0.00194327 0.00499999
398 0.0022894 0.005
399 0.00265201 0.005
400 0.00302758 0.005
401 0.00341252 0.005
402 0.00380311 0.005
403 0.00419558 0.005
404 0.00458617 0.005
405 0.00497111 0.005
406 0.00534668 0.005
407 0.00570928 0.005
408 0.00605542 0.005
409 0.00638175 0.005
410 0.00668514 0.005
411 0.00696266 0.005
412 0.00721165 0.005
413 0.0074297 0.005
414 0.00761471 0.005
415 0.0077649 0.005
416 0.00787883 0.005
417 0.0079554 0.005
418 0.00799387 0.005
419 0.00799387 0.005
420 0.0079554 0.005
421 0.00787883 0.005
422 0.0077649 0.005
423 0.00761471 0.005
424 0.0074297 0.005
425 0.00721165 0.005
426 0.00696266 0.005
427 0.00668514 0.005
428 0.00638175 0.005
429 0.00605542 0.005
430 0.00570928 0.005
431 0.00534668 0.005
432 0.00497111 0.005
433 0.00458617 0.005
434 0.00419558 0.005
435 0.00380311 0.005
436 0.00341252 0.005
437 0.00302758 0.005
438 0.00265201 0.005
439 0.0022894 0.005
440 0.00194327 0.00499999
441 0.00161694 0.00499846
442 0.00131355 0.00494917
443 0.00103603 0.00443941
444 0.000787041 0.00271994
445 0.000568992 0.000800108
446 0.00038398 8.94931e-05
447 0.000233785 3.3874e-06
448 0.000119855 4.10112e-08
449 4.32869e-05 1.54265e-10
450 4.81738e-06 1.77368e-13
451 4.81738e-06 1.77368e-13
452 4.32869e-05 1.54265e-10
453 0.000119855 4.10112e-08
454 0.000233785 3.3874e-06
455 0.00038398 8.94931e-05
456 0.000568992 0.000800108
457 0.000787041 0.00271994
458 0.00103603 0.00443941
459 0.00131355 0.00494917
460 0.00161694 0.00499846
461 0.00194327 0.00499999
462 0.0022894 0.005
463 0.00265201 0.005
464 0.00302758 0.005
465 0.00341252 0.005
466 0.00380311 0.005
467 0.00419558 0.005
468 0.00458617 0.005
469 0.00497111 0.005
470 0.00534668 0.005
471 0.00570928 0.005
472 0.00605542 0.005
473 0.00638175 0.005
474 0.00668514 0.005
475 0.00696266 0.005
476 0.00721165 0.005
477 0.0074297 0.005
478 0.00761471 0.005
479 0.0077649 0.005
480 0.00787883 0.005
481 0.0079554 0.005
482 0.00799387 0.005
483 0.00799387 0.005
484 0.0079554 0.005
485 0.00787883 0.005
486 0.0077649 0.005
487 0.00761471 0.005
488 0.0074297 0.005
489 0.00721165 0.005
490 0.00696266 0.005
491 0.00668514 0.005
492 0.00638175 0.005
493 0.00605542 0.005
494 0.00570928 0.005
495 0.00534668 0.005
496 0.00497111 0.005
497 0.00458617 0.005
498 0.00419558 0.005
499 0.00380311 0.005
500 0.00341252 0.005
501 0.00302758 0.005
502 0.00265201 0.005
503 0.0022894 0.005
504 0.00194327 0.00499999
505 0.00161694 0.00499846
506 0.00131355 0.00494917
507 0.00103603 0.00443941
508 0.000787041 0.00271994
509 0.000568992 0.000800108
510 0.00038398 8.94931e-05
511 0.000233785 3.3874e-06
512 0.000119855 4.10112e-08
513 4.32869e-05 1.54265e-10
514 4.81738e-06 1.77368e-13
515 4.81738e-06 1.77368e-13
516 4.32869e-05 1.54265e-10
517 0.000119855 4.10112e-08
